Some((
    red: 1.0,
    green: 0.6117647,
    blue: 0.69411767,
))