Some((
    red: 0.191876,
    green: 0.064000696,
    blue: 0.064000696,
    alpha: 1.0,
))